function [ACCX,ACCY,ACCROTZ] = nomodel_1x16_sigmoid_reg0p0001_symmetric(VELX,VELY,VELROTZ,BETA,AB,TV, param)    
    w1 = [-0.6108715 -1.217097 -0.3500734 1.7039303 -1.8385947 -1.1546252 0.22296417 0.7064904 1.1165117 1.89803 -0.57217294 1.4109048 -2.0140963 -0.45389372 0.66857773 0.11417951;-0.16931804 -0.68206024 -0.17692381 -0.13410252 0.018966358 0.5852673 -0.57886976 -0.06255659 -0.5944425 0.8975045 0.9018703 -0.2647451 0.69076246 -0.1696832 0.5551914 0.3391413;1.0043646 0.76844287 -0.69258356 -0.11800169 -0.7034016 0.07888823 -0.17885089 1.0203255 2.240525 1.3844538 1.3323367 -0.54396445 0.39424443 -0.35549778 -1.4997287 -0.5043486;0.017131152 -1.0091869 0.35864252 -1.1394292 0.23290542 -1.5793893 0.6797878 0.02318872 -1.2946143 -0.58096194 -3.7296247 -1.1801964 -1.3599689 0.0152190095 0.3290621 -0.101118326;0.14106685 -0.21311077 -1.2207054 -0.0035730016 0.31402633 0.12630068 0.7303756 -0.34243858 0.26832703 -0.50105447 -0.09767599 0.114927925 -0.14424653 -0.3817054 -0.3889311 -0.15199703;0.06302966 -0.64600253 -0.64129376 -0.27619565 -0.2944033 0.10611141 0.25954756 0.31805766 0.061371066 -0.17685868 0.022664396 0.0038427701 -0.01377526 -0.8662439 -0.3535873 0.1652023];
    b1 = [4.692063 3.2485359 1.3124402 1.6971817 0.3945485 -1.4687953 2.0599227 -4.4777284 -2.3165443 -0.82468164 1.1571051 -3.996063 1.6847298 1.2409314 -1.5331191 -3.185071];
    w2 = [2.55049;0.9708001;-1.9769359;-1.3018523;0.80391806;-2.1655662;2.1910212;-1.4484254;-0.26034766;-0.5533654;-0.3831817;0.3857515;-1.0099952;-1.5405743;-1.0796745;-3.2071807];
    w3 = [-4.2693944 1.4554851;-0.19490787 -4.08447;0.84790033 0.4169343;-0.37347466 3.1973372;-1.9413434 1.1625483;-0.86028147 2.8240323;-1.8684002 -0.19715084;-3.718871 3.134037;2.5968018 -3.389748;-1.4889187 -2.2730613;0.43842593 -3.5034633;2.0342054 -4.237157;-2.464262 -2.3337176;0.7642622 -1.6895089;-1.8324172 2.0687468;2.0965464 -0.22487853];
    means = [2.6775749832578986 0.001922168301437502 -0.04515304867653743 -0.026195759869689427 0.06460829512732788 -0.0686602322088558];
    stds = [1.907241556285694 0.3079627568782051 0.5515613235298231 0.20101736434516326 0.8309067855283836 0.634574245360539];

    input = [VELX - means(1),VELY,VELROTZ,BETA,AB - means(5),TV];

    normed_input = input ./ stds;
    normed_input_neg = normed_input .* [1,-1,-1,-1,1,-1];

    h1 = 0.5 * (1 + tanh((normed_input * w1 + b1) / 2));
    h1_neg = 0.5 * (1 + tanh((normed_input_neg * w1 + b1) / 2));
    
    h1_even = (h1 + h1_neg) / 2;
    h1_odd = (h1 - h1_neg) / 2;
    
    ACC_odd = h1_odd * w3;
    
    ACCX = h1_even * w2;
    ACCY = ACC_odd(1);
    ACCROTZ = ACC_odd(2);
end

