points = [36.2,52,57.2,53,52,47,41.8;44.933,58.2,53.8,49,44,43,38.33]';
