function [ACCX,ACCY,ACCROTZ] = nomodel_1x24_sigmoid_reg0p0001(VELX,VELY,VELROTZ,BETA,AB,TV, param)    
    w1 = [-1.4728423 -0.86899894 0.097554594 0.8362998 -1.142912 -0.81819385 0.792554 0.59256005 -0.14497727 -1.2130094 -0.3888255 -0.30901054 -1.3444352 1.5553261 -0.69482386 1.7487513 0.48770463 -0.29727444 0.9791526 -0.31828144 1.1556677 1.2735876 -0.15913635 -1.278264;0.22138621 0.21600012 -0.34375802 0.44827405 0.0018084301 0.57374865 0.44087484 -0.047566984 -0.7965143 -0.21910712 0.25982162 -0.35335866 -0.60972583 0.39261305 -0.35787645 -0.6590189 0.15679303 0.39808092 -0.8678172 -0.2403054 -0.0702394 -0.4461562 -0.25844708 0.4209743;0.32752022 -0.7823775 0.79867053 -1.8908627 0.26569843 -1.7486981 -0.16380051 0.41897175 -0.9812377 -0.29348686 0.7876869 0.49723184 -0.55182415 0.31904873 0.7677214 -0.401603 -0.7904182 -0.011159382 0.19470154 0.32512823 -0.5964001 -1.5873183 -0.6076503 0.010355249;1.0687057 -0.174782 -0.034396246 1.0427395 -1.0893601 0.86447865 -1.0406749 -0.41058335 2.9187317 -1.2152684 -0.36322877 -0.12180519 1.9258134 0.22644347 -0.88201815 1.5513636 -0.0667357 -0.8208106 -0.57105577 0.2501366 -0.3365295 0.7307245 0.07074254 -1.0242729;-0.011478846 0.34789264 0.87951887 0.08463156 -0.1697235 -0.017165257 0.19609976 1.3663623 0.09527639 -0.16763803 -0.45786294 -0.49516907 -0.02549656 -0.43243435 0.18539539 0.15956326 -0.12450173 -0.5854327 0.046904225 0.10432028 -0.0028591373 -0.43646225 -0.64071655 0.20650865;-0.26454195 -0.21144226 0.6232929 -0.15162665 -0.46103317 -0.3693061 0.151375 0.50193477 -0.031464394 0.093189836 0.5388304 -1.1931134 0.17595688 0.07341208 -0.38420546 -0.035488836 -0.10627442 -0.06888164 -0.5190435 -0.219799 -0.20204492 0.10194487 -0.6683009 -0.25285855];
    b1 = [-1.5756822 4.5855 -0.69977176 -1.847646 -1.6665419 1.5994629 1.1604873 -1.3279665 -0.2602453 3.2039187 1.2346119 1.341278 1.7278464 -0.40328735 -1.5631121 -1.9091016 -3.8560288 -1.4735587 -2.7590716 2.7221408 -3.4321716 -0.69398963 0.8498204 -0.49473873];
    w2 = [1.0434166 0.5177785 -2.7370198;1.846166 3.9299414 -2.2965844;0.103934556 1.1825316 -1.1691785;-0.36938247 -2.6172004 2.8342526;1.5447842 -0.18874449 2.3649373;0.09328312 -1.7015887 2.803488;2.225826 0.008677482 1.0418562;0.6484441 -0.7005292 -0.83420724;-0.23023364 -0.27328998 2.8128524;0.18490176 1.1455172 -3.117401;-2.51791 -1.5360552 0.4481762;0.18704364 0.21121252 -2.1423087;-0.72763205 0.92037624 2.6506104;-1.203273 -1.3228796 -1.1034966;-1.6322318 0.3394213 1.3295528;0.3710227 1.3058652 2.2071095;-2.3943806 3.3104799 -1.3676885;-2.003465 1.1484727 0.16336894;-0.6194595 -0.34754902 -3.0915558;1.7539166 -2.529277 -0.35484716;-0.015225096 2.546744 -2.6355324;-1.1259013 -0.13758543 2.217885;-1.1380312 0.5859941 -0.83413595;-0.92957777 -1.4277781 1.415493];
    b2 = [-0.7660535 -0.7475507 0.05939672];
    means = [2.6855843572110367 0.0006739826858158322 -0.04802685383934488 -0.027302772888852182 0.06560439433747117 -0.0741416072412400];
    stds = [1.9181710264256149 0.3073995994274385 0.5524821241332127 0.20117397363021836 0.837672127818587 0.634702899104761];

    input = [VELX,VELY,VELROTZ,BETA,AB,TV];
    normed_input = (input - means) ./ stds;

    h1 = 0.5 * (1 + tanh((normed_input * w1 + b1) / 2));
    disturbance = h1 * w2 + b2;
    
    ACCX = disturbance(1);
    ACCY = disturbance(2);
    ACCROTZ = disturbance(3);
end

