function [ACCX,ACCY,ACCROTZ] = nomodel_1x16_sigmoid_reg0p0001(VELX,VELY,VELROTZ,BETA,AB,TV, param)    
    w1 = [1.3850478 0.36729228 1.2882626 0.8115655 1.3346609 -0.2548518 1.7352132 -0.89348006 -0.7869249 0.30902156 -0.9748286 1.1989278 1.1723893 -0.4739436 0.8388643 0.41475937;0.033199526 0.35384786 -0.7370489 -0.7232373 0.5540991 -0.27815983 -0.038961172 -0.50201976 0.2269175 0.32801446 -0.045417726 0.13596542 -0.48775122 0.20282327 0.15823346 0.89184386;-0.22258902 1.0789948 0.680279 1.4380475 0.7488805 0.35454398 -0.45328826 0.9977032 -0.756074 -0.5026503 0.8929558 0.06477841 -0.015101559 0.6316694 -2.073005 1.1631931;-1.1780626 -0.7957223 -1.6086078 -0.62095296 -0.18496206 -0.0847884 1.3462285 -1.2132877 -0.35207593 -0.42596555 0.004384556 1.2749956 0.98175627 -0.19509064 1.1489316 -2.9221745;0.0029577403 0.76403105 0.0838201 -0.12350059 -0.62736547 -0.41267076 -0.08701939 -0.34967434 0.35176092 -0.25212514 0.13651748 0.17357357 -0.12784986 -0.3924706 -0.1212384 -0.05664783;0.16719206 0.2266939 -0.35291412 0.5051132 0.1399747 -1.281536 0.4626361 -0.29836035 -0.12723202 0.14267334 0.22565748 -0.0021314416 0.25929606 0.4738977 -0.0015771901 -0.11316888];
    b1 = [1.4014153 -1.1205604 -3.1566143 -1.3854027 -0.69523865 1.184681 1.7433993 -1.3075387 4.4411473 -3.9028466 4.5014367 -2.8570397 0.67439467 1.2264678 -1.2070258 0.044028267];
    w2 = [-0.070633665 -0.7119143 4.1355453;2.029095 -0.41335362 -1.377519;-0.043089088 -0.10523169 -3.3211527;-0.5234057 2.6345081 -2.2993348;-1.2796874 -1.1964083 -0.7443313;-0.49108663 0.5534219 -1.9124757;-2.1783614 -0.88807845 -1.7783993;-2.5206375 0.12965281 1.7810458;2.736817 3.9079142 -2.1491532;-4.198594 3.327591 -0.63709885;1.0415604 -3.951524 2.705816;0.2993177 -0.9158342 4.2238903;1.5597588 2.1638126 -0.5325839;-2.2865999 -1.0311693 0.7282792;-1.0785395 -1.5698829 3.2536776;0.4582792 0.033037882 -3.4527102];
    b2 = [-0.05456985 0.4956037 0.45178103];
    means = [2.6855843572110367 0.0006739826858158322 -0.04802685383934488 -0.027302772888852182 0.06560439433747117 -0.0741416072412400];
    stds = [1.9181710264256149 0.3073995994274385 0.5524821241332127 0.20117397363021836 0.837672127818587 0.634702899104761];

    input = [VELX,VELY,VELROTZ,BETA,AB,TV];
    normed_input = (input - means) ./ stds;

    h1 = 0.5 * (1 + tanh((normed_input * w1 + b1) / 2));
    disturbance = h1 * w2 + b2;
    
    ACCX = disturbance(1);
    ACCY = disturbance(2);
    ACCROTZ = disturbance(3);
end

