function [ACCX,ACCY,ACCROTZ] = nomodel_1x32_sigmoid_reg0p0001(VELX,VELY,VELROTZ,BETA,AB,TV, param)    
    w1 = [-1.5823178 -0.46822265 -1.658988 1.647134 1.8730528 0.3077565 0.113555394 0.78502375 0.2128946 -0.9708804 0.81264925 -1.0871049 -1.1146301 -1.0591322 0.19968899 0.0012862908 1.3527873 -1.5479215 0.35923976 0.37052807 0.6781748 0.8992228 0.2603418 -0.42493454 -0.47029686 -1.4581193 0.8198605 0.9479353 -0.60829276 0.6995451 -1.0987413 1.8813462;0.13899526 -0.631333 0.4901992 -0.07533443 -0.8064527 0.20161049 -0.92842245 -1.1601515 -0.6922463 -0.6779814 0.43368334 0.653872 0.45791957 -0.27389055 0.06705938 0.65656847 -0.39552358 -0.2212352 -0.30260265 0.27138457 0.14589319 -0.6595701 -0.3539127 0.042357188 0.17049113 -0.16403311 0.01244484 0.29995683 -0.0078953225 -0.18870169 -0.49384484 0.5522266;0.3921589 -0.24217048 0.30967915 -0.8012248 -0.61511785 -0.56250954 -0.8635256 0.44932196 -0.818066 -0.7913275 -0.90234023 1.5138803 0.26417425 -0.39499605 0.27326438 -0.9270078 -0.008571665 -1.0379137 -0.81650126 -0.454443 -0.78714615 1.5665919 0.13239121 0.38112974 0.16587383 0.09090613 1.1671996 -2.104091 -0.5399694 0.8694522 0.028809497 0.2839801;0.9086657 0.121073365 -1.4789236 0.391109 0.9021685 -0.24993572 2.9941857 -0.41136432 0.9629516 2.6750834 1.0243504 -0.00630424 0.5569586 -0.9108552 -1.2968271 -0.56271625 1.1302042 0.122905426 0.34440482 0.15493347 -0.063993625 -0.628613 -0.10603441 0.017973226 -0.78105277 -0.9744871 0.00045297045 1.2469584 0.25916272 0.1278889 1.2711048 -0.7193932;-0.100355595 -0.6686988 -0.27507436 -0.31722152 -0.11006826 -0.20601904 0.06292233 0.05844641 0.5644854 0.06924533 0.19729057 0.2625502 -0.15093957 -0.29762095 -0.5619705 -0.5833862 -0.1615543 0.46461967 0.17625529 0.36771628 -0.03753195 -0.145761 -0.13544813 -0.5286705 0.50471896 0.06028675 0.6811901 0.055709954 -1.337906 -0.30595806 0.030235458 0.0615213;-0.020468686 0.29592258 -0.034569744 -0.33158976 -0.14326797 0.06293901 -0.12536289 -0.49316305 0.029932395 0.0588705 0.2099313 -0.24682991 0.23253785 -0.014563489 -0.7773436 -0.4179239 0.09883768 0.16020758 -0.23366606 1.0381984 -0.115632005 0.25335512 0.080246605 0.9853107 -0.17422026 -0.29235408 0.08904158 -0.14020674 -0.6067511 0.17704077 -0.10299365 -0.053298905];
    b1 = [-1.7492294 -0.6132324 1.8584158 -0.39977965 -1.0124083 -3.0678246 -0.84431046 -2.208889 1.371973 1.3158958 1.3074751 0.34985182 2.7045553 2.9344785 0.47591245 -0.3978921 0.87886935 0.69851834 -1.2620206 -1.3605661 -4.1011424 -1.7021925 0.9143294 0.8746859 1.2762417 -1.1263554 1.1615684 -1.6627051 1.1992707 -4.389681 -1.3577696 -1.1672783];
    w2 = [1.3777215 0.27376693 -2.2499182;-0.23423064 -1.2088238 -0.1861029;-0.43717813 -1.5109514 -1.7062157;-1.213556 -1.4747611 1.2084174;0.4556543 1.4380349 1.3702679;-2.3725686 2.6157491 -0.5971316;-0.35429686 -0.18910411 2.741251;-0.25513458 0.19525781 -2.2771606;0.62328917 -1.3640391 -1.2530948;-0.53999484 0.025692599 2.775901;1.1806973 0.86274135 -1.6487082;0.2980833 -0.5932508 -1.6717601;0.11523274 -0.0050522843 2.664363;-0.4060653 1.5328642 -2.8755584;-0.7015585 0.20689076 -1.3618307;-0.44283286 -0.99226516 1.8049186;0.86180437 1.2100941 -1.7255067;0.70174265 0.015358566 1.7209666;0.89685327 1.3842602 -0.8043184;-0.12463242 -0.044779845 1.8869145;-2.2184527 3.7171412 -1.3400707;-0.46631366 1.8574679 -2.1442518;0.99536496 0.080645025 0.086115606;-1.4376793 -0.19556844 0.027810229;0.9130987 0.84600407 -0.6701928;1.1407328 0.67650795 2.4629357;0.324781 -1.1105391 1.3242688;-0.39340594 -1.8964723 2.7643123;-0.84377956 0.36084288 1.1478009;-2.0909297 -3.7537005 2.20127;-1.9371032 0.22989076 -2.012656;0.34623244 -1.7241138 -1.4980565];
    b2 = [-0.45477918 0.32119134 0.26964423];
    means = [2.6855843572110367 0.0006739826858158322 -0.04802685383934488 -0.027302772888852182 0.06560439433747117 -0.0741416072412400];
    stds = [1.9181710264256149 0.3073995994274385 0.5524821241332127 0.20117397363021836 0.837672127818587 0.634702899104761];

    input = [VELX,VELY,VELROTZ,BETA,AB,TV];
    normed_input = (input - means) ./ stds;

    h1 = 0.5 * (1 + tanh((normed_input * w1 + b1) / 2));
    disturbance = h1 * w2 + b2;
    
    ACCX = disturbance(1);
    ACCY = disturbance(2);
    ACCROTZ = disturbance(3);
end

